Исходный вектор:
[28 69 42 46 75 69 30 23 25 76 83 68 63 42 45 79 72 ]

Преобразованный вектор после разделения элементов на 1.000000:
[28.000000 69.000000 42.000000 46.000000 75.000000 69.000000 30.000000 23.000000 25.000000 76.000000 83.000000 68.000000 63.000000 42.000000 45.000000 79.000000 72.000000 ]

Преобразованный вектор после разделения элементов на 0.000000:
[inf inf inf inf inf inf inf inf inf inf inf inf inf inf inf inf inf ]

Преобразованный вектор после разделения элементов на 5.000000:
[5.600000 13.800000 8.400000 9.200000 15.000000 13.800000 6.000000 4.600000 5.000000 15.200000 16.600000 13.600000 12.600000 8.400000 9.000000 15.800000 14.400000 ]
