Исходная матрица:
      -9.000000     -15.000000      -5.000000     -17.000000      -2.000000     -17.000000
     -18.000000      -7.000000     -12.000000     -18.000000      -9.000000     -13.000000
      -9.000000     -13.000000      -1.000000     -14.000000      -1.000000      -7.000000
     -19.000000      -9.000000      -1.000000      -5.000000     -13.000000     -12.000000
      -4.000000     -10.000000     -11.000000     -13.000000     -12.000000     -11.000000

Все элементы диагонали отрицательны, макс. элемент: 19

Преобразованная матрица:
      -0.473684      -0.789474      -0.263158      -0.894737      -0.105263      -0.894737
      -0.947368      -0.368421      -0.631579      -0.947368      -0.473684      -0.684211
      -0.473684      -0.684211      -0.052632      -0.736842      -0.052632      -0.368421
      -1.000000      -0.473684      -0.052632      -0.263158      -0.684211      -0.631579
      -0.210526      -0.526316      -0.578947      -0.684211      -0.631579      -0.578947
