Матрица А:
   5   9   0  -8   1  -2  -9  -6   6   8
   7  -9  -4   9  -8   8  -2   8   8  -3
   4  -1  -3   4  -6   0 -10   9  -3  -2
   9   2  -8  -1   1   3  -7  -3  -7   8
   8   6   1  -3  -5   7   9   0  -9 -10
  -7   6  -6 -10   7   9  -3   1   0   3
  -5   0  -9   1  -4  -9  -4  -4  -4   5
  -3  -7  -7  -7  -3  -3  -9  -7   9   4
   3   2  -6  -9   9   8   9  -4   3  -8
   1   3   2  -2   3  -8   5   9   5   8

Массив C:
  -9   6  -9 -10   3  -4   9  -9   7  -5

Сформированный массив x:
0. 2.444444
1. -2.272727
2. -7.195556
3. -4.055590
4. -5.671236
5. -2.176328
6. -11.795782
7. -4.037678
8. 0.141524
9. 5.652750
